309 -772 0
-437 -499 1
-543 -715 2
508 -791 3
385 516 4
827 116 5
-822 209 6
-136 -935 7
-553 -524 8
34 232 9
-946 149 10
-593 466 11
330 436 12
116 -141 13
-549 -81 14
206 -431 15
650 -674 16
429 -135 17
-304 -431 18
-682 -560 19
-311 -791 20
-811 -222 21
-802 -265 22
735 -296 23
236 -459 24
494 -60 25
98 -745 26
-225 -839 27
130 -400 28
698 287 29
266 813 30
764 -260 31
182 -607 32
442 -858 33
-907 354 34
-534 583 35
-408 -837 36
751 -524 37
-222 -431 38
-72 301 39
708 -253 40
-667 -242 41
-273 -571 42
372 -454 43
399 327 44
-854 247 45
300 -650 46
93 493 47
-499 -666 48
-54 -223 49
310 409 50
140 -551 51
402 -336 52
726 573 53
-531 683 54
-354 -179 55
-452 -865 56
931 161 57
794 470 58
-356 -565 59
342 22 60
-190 811 61
872 316 62
-61 -708 63
-458 -715 64
-495 525 65
149 103 66
-462 529 67
197 -123 68
838 195 69
-183 -259 70
-551 -717 71
43 10 72
-814 547 73
285 -673 74
622 393 75
-136 221 76
-870 -212 77
-219 220 78
-42 83 79
133 762 80
393 476 81
-766 396 82
812 99 83
537 -454 84
574 312 85
-304 -772 86
-399 -110 87
-677 -71 88
478 793 89
473 -461 90
990 25 91
560 -635 92
39 869 93
280 -389 94
723 308 95
39 247 96
-593 -687 97
-235 561 98
-670 104 99
